2879
6056
6934
2236
5794
1162
3692
9810
9510
7771
1939
2575
2407
2032
4547
5425
2148
8120
8114
7227
2825
6901
1274
4359
8828
8141
2605
3575
4268
5409
5578
5910
4084
8506
3632
6923
6671
2558
7543
5503
4151
5473
2357
3026
2507
6680
7899
5558
2297
4034
2668
1737
8503
1276
4738
1378
3660
6540
6787
9376
7664
4444
1803
4366
2812
1528
7017
8562
7394
1431
6846
5734
5536
7783
6520
4100
5827
7763
3878
6200
7884
7438
1802
9605
5404
6410
4930
8292
7999
3640
4983
2425
8086
3406
3798
2263
2644
4684
2008
3303
6665
8917
7154
6560
4318
7353
2722
1265
6515
8921
4535
9251
8095
2049
5634
8254
4716
3566
6102
1911
6954
2809
8120
6327
2322
7958
3162
1618
8276
8354
6878
2051
4662
4899
6075
3617
3592
8678
7150
6271
5438
5624
9127
8710
5503
9108
1068
1077
5973
7259
1453
3208
3679
9973
9141
2786
5651
5278
3704
3260
5795
8888
9050
9005
1660
6697
9492
3370
6955
8874
1088
2732
5703
7873
7482
7343
8214
6368
1651
1229
2324
4218
4411
3852
8316
3970
7579
8659
2542
2591
7272
5109
8852
4597
8245
5819
1778
4120
3112
5800
3311
8910
6235
4442
1375
6956
9523
5103
3313
9532
1872
9871
9543
4183
6229
2882
3529
5746
2399
7234
3847
1161
5731
9231
5010
4667
4554
4581
4089
6878
3059
6752
6502
4647
2491
1893
9132
4206
1149
6183
4278
8302
1810
1844
4920
6579
7081
3132
7278
9557
5759
4327
2829
5292
9234
8372
2876
1821
5641
4576
1747
8096
2087
9066
1978
3286
7809
3940
7399
1329
2958
3358
3418
4552
1001
7108
9667
5792
2041
8539
7846
2761
6470
1722
2334
8681
2421
1678
8395
6989
2849
9469
5108
3744
5416
1240
5155
3795
2296
1660
4869
8594
3595
2457
3882
6314
4363
1130
4897
8336
1192
8738
5830
1657
8566
1410
1065
9485
9062
1038
6283
8703
3567
2034
2557
6625
8289
3564
2171
5361
8217
7048
1914
9715
2768
7731
4074
8821
8353
9367
9455
6226
1269
4962
1189
6185
4568
1835
7644
5769
7021
1629
3853
1359
9119
5016
8023
6094
6092
4313
6209
9022
8865
2139
9333
1699
8394
9185
3003
7437
8579
7081
5238
5366
5696
1408
7746
5359
6444
8130
2308
3014
2690
4388
6422
2174
7990
6183
7060
5974
2056
8995
6403
7425
2185
7395
3807
7284
2314
1318
5099
4424
6519
7708
1321
6241
7570
3452
9325
5151
1690
2810
5929
5063
2258
5291
7606
8140
4105
2316
1998
8225
8620
1859
9028
1124
6772
3017
9014
8562
2802
7034
6487
6196
7233
8025
3053
4879
7723
1032
2192
6977
2108
7918
2318
9751
6823
1082
2661
1708
3815
6200
4937
6400
9391
1622
2454
3621
4361
8936
2060
7696
8157
9402
6227
7185
2346
6184
2421
3998
9127
5805
2056
8145
7530
2931
5838
8221
6827
5271
3017
4542
2893
2769
8861
2768
6794
6848
1984
9671
5155
6031
4836
9847
2138
9345
3840
2127
5436
5349
